MAE: 0.1025508923008268
MSE: 0.02300327949209185
RMSE: 0.1516683206608811
R-Squared: 0.05905105682985512
